geometry,base_name,description
"POLYGON ((-73.785050504059186 40.688005823395009 0,-73.783934114196683 40.688403099146242 0,-73.783945210998269 40.688461997159934 0,-73.783636646600868 40.688570490835247 0,-73.784150986241826 40.689502152235022 0,-73.785201587296143 40.689074587093373 0,-73.784994550817956 40.688929782702083 0,-73.785414063554072 40.688631056589699 0,-73.785050504059186 40.688005823395009 0))",BP,
"POLYGON ((-73.78505792721948 40.68801562189356 0,-73.78486630265756 40.68767475842489 0,-73.78334380870136 40.688184210965034 0,-73.78356488801599 40.68853208220779 0,-73.78505792721948 40.68801562189356 0))",BP_Lot,
"POLYGON ((-74.127110019500336 40.633652516301652 0,-74.129440423870477 40.633471814511402 0,-74.129805439225876 40.632860161885937 0,-74.130002061141795 40.632432853173853 0,-74.12957274481991 40.632331472445593 0,-74.129156060420925 40.632191497347208 0,-74.12832273844711 40.632266181110651 0,-74.127906561989434 40.631623672112141 0,-74.126909104335411 40.631697662053512 0,-74.126984874254902 40.632953295805969 0,-74.127110019500336 40.633652516301652 0))",CA,
"POLYGON ((-74.238920629036187 40.531927900476781 0,-74.239033893876339 40.530885023394248 0,-74.239103766485911 40.530529197614037 0,-74.239139334084712 40.530372301367223 0,-74.236050814783269 40.529957354000622 0,-74.235842272994645 40.531540260909267 0,-74.238920629036187 40.531927900476781 0))",CH,
"POLYGON ((-73.84444858543377 40.77396359901856 0,-73.84453530833675 40.773128203704005 0,-73.83735626299043 40.77289545745798 0,-73.83796460911904 40.774123335670794 0,-73.83954881725438 40.77416806159708 0,-73.83955497092651 40.77410257207146 0,-73.83974627183935 40.77410797177562 0,-73.8397604734363 40.77387325554203 0,-73.83976309861394 40.773875556218634 0,-73.84082264817445 40.7739020942913 0,-73.840815021873 40.774188081241704 0,-73.84187128053958 40.774205531778506 0,-73.84188712642144 40.77393996318945 0,-73.84445057178486 40.77401050942828 0,-73.84444858543377 40.77396359901856 0))",CP,
"POLYGON ((-73.84122378831353 40.755878667900774 0,-73.84165622781127 40.75489276830216 0,-73.84146118531314 40.75491575180548 0,-73.84127642648454 40.754796198922506 0,-73.84124846976655 40.754630042947205 0,-73.84130410351834 40.75449182777912 0,-73.84132835957276 40.75442454730448 0,-73.84134337977483 40.75437904065785 0,-73.84175899905502 40.75465987233551 0,-73.84341577083902 40.7532811452188 0,-73.84408394446703 40.7528042069962 0,-73.84500244393438 40.75366117197172 0,-73.84502038579761 40.75362370048276 0,-73.8450811919551 40.75359556744938 0,-73.84519588750136 40.753554167312636 0,-73.84543851099218 40.75348244156882 0,-73.8459005304351 40.75334216874377 0,-73.84684388916062 40.753044905741056 0,-73.84700865629272 40.753344931466316 0,-73.84295839817308 40.75454973309985 0,-73.84332617712491 40.75527592376382 0,-73.84122378831353 40.755878667900774 0))",CS,
"POLYGON ((-73.824873 40.883434 0,-73.821161 40.884647 0,-73.821413 40.885024 0,-73.825436 40.883836 0,-73.824873 40.883434 0))",EC_North,
"POLYGON ((-73.8218526 40.8840789 0,-73.8244909 40.8832219 0,-73.8240312 40.8829408 0,-73.8236591 40.8826462 0,-73.8221745 40.8831116 0,-73.8218714 40.8827871 0,-73.8220753 40.8821829 0,-73.8223747 40.8820835 0,-73.8228618 40.8819152 0,-73.8221473 40.8812318 0,-73.8220444 40.8812378 0,-73.821976 40.8817002 0,-73.82152 40.8817083 0,-73.8208871 40.8816171 0,-73.8204498 40.883359 0,-73.8203801 40.8841701 0,-73.8205089 40.8849691 0,-73.8207475 40.8848231 0,-73.8209192 40.8845635 0,-73.8211767 40.884377 0,-73.8215086 40.8842044 0,-73.8216501 40.8840216 0,-73.8217963 40.8839745 0,-73.8218526 40.8840789 0))",EC_Main,
"POLYGON ((-73.900259038639405 40.677220527623433 0,-73.899895129765213 40.677189077532468 0,-73.898937401016823 40.677602917582973 0,-73.89895956350712 40.678659613617903 0,-73.900266642979986 40.679283149129823 0,-73.900259038639405 40.677220527623433 0))",EN,
"POLYGON ((-73.904156439209913 40.677059906920803 0,-73.904285495538005 40.676157329689019 0,-73.903591760017093 40.676100817916343 0,-73.903497576120728 40.677029844168381 0,-73.904156439209913 40.677059906920803 0))",EN_Lot_1,
"POLYGON ((-73.902914780008643 40.677016564662473 0,-73.903053956841589 40.676059548251722 0,-73.902569922267247 40.676017593142802 0,-73.902471568301507 40.677011966406162 0,-73.902914780008643 40.677016564662473 0))",EN_Lot_2,
"POLYGON ((-73.90064358764104 40.677405991269474 0,-73.90064704724395 40.678096620627585 0,-73.90118692129695 40.67769805688702 0,-73.90064358764104 40.677405991269474 0))",EN_Lot_3,
"POLYGON ((-73.927302005973601 40.614528205863166 0,-73.926584598759632 40.614572213731734 0,-73.926904412622108 40.617463853580077 0,-73.927613459003751 40.617395238725258 0,-73.927302005973601 40.614528205863166 0))",FB,
"POLYGON ((-73.92749759878562 40.61969326912022 0,-73.92742629531932 40.61904463310152 0,-73.92708552292632 40.61906769130585 0,-73.92715560033314 40.61971504189888 0,-73.92749759878562 40.61969326912022 0))",FB_Lot,
"POLYGON ((-73.896945995321801 40.706797517354303 0,-73.896627781407048 40.706156482565042 0,-73.894383295586124 40.706678764089652 0,-73.894682395194067 40.707382334989447 0,-73.896945995321801 40.706797517354303 0))",FP,
"POLYGON ((-73.89460977748485 40.70731743343963 0,-73.89195133738639 40.70796702032447 0,-73.89170102363522 40.70808028080438 0,-73.89138829482789 40.70843714996812 0,-73.89171127378603 40.70859359420511 0,-73.89195545696083 40.70869725817304 0,-73.89212288156544 40.70845071434448 0,-73.89255135013103 40.70863416601877 0,-73.89297260156553 40.70881722609618 0,-73.89306209737215 40.70867175171724 0,-73.8931592623105 40.70853128171962 0,-73.89304289299133 40.708220171066934 0,-73.89306805009632 40.708214277025775 0,-73.89289712822993 40.70780400996083 0,-73.89309735929109 40.70775476169451 0,-73.89331006154376 40.707700281280886 0,-73.89373880833286 40.70759757312498 0,-73.89428864063332 40.70746199741108 0,-73.8943793051588 40.70743865983606 0,-73.89446460010942 40.70741602971381 0,-73.89463241645198 40.70737381413971 0, -73.89463228861976 40.707374989279174 0,-73.89461357061853 40.70731869340893 0,-73.89460977748485 40.70731743343963 0))",FP_Lot,
"POLYGON ((-73.778005379439065 40.59292015406858 0,-73.778081574296735 40.593406024716117 0,-73.780031065251521 40.593158181338843 0,-73.779976786631352 40.592709008199769 0,-73.778005379439065 40.59292015406858 0))",FR,
"POLYGON ((-73.779878251362703 40.593390785620691 0,-73.779947195254024 40.593932523075253 0,-73.780656372283843 40.593894694740342 0,-73.780563171800665 40.593328898131332 0,-73.779878251362703 40.593390785620691 0))",FR_Lot,
"POLYGON ((-73.920721675283602 40.717166253772071 0,-73.919429555708064 40.717531039486524 0,-73.920075421050555 40.718886966856239 0,-73.920759389359432 40.718700444905117 0,-73.921472391338582 40.718841000261477 0,-73.921547797546509 40.718823088953407 0,-73.921575942573128 40.718779135836762 0,-73.921632909826641 40.718767182842967 0,-73.921633423790809 40.718739691223703 0,-73.921985601334327 40.718645566639459 0,-73.921869925050927 40.718385967706098 0,-73.922093503409357 40.718318304763258 0,-73.922045851987036 40.718188578810917 0,-73.921286400285609 40.71839534346762 0,-73.920721675283602 40.717166253772071 0))",GA,
"POLYGON ((-73.91626313714147 40.72348263371443 0,-73.91585131388642 40.72358246488533 0,-73.915338341582 40.72256312082775 0,-73.91663189589494 40.72215953439107 0,-73.91626313714147 40.72348263371443 0))",GA_Lot,
"POLYGON ((-73.83419553779075 40.867055530589255 0,-73.83288543421057 40.8675090152655 0,-73.83191849524135 40.86589724449443 0,-73.8315005879556 40.865267978346196 0,-73.83312490060034 40.86473222934079 0,-73.83353838577729 40.8645443128534 0,-73.83346530409452 40.864465388235196 0,-73.83390262989249 40.86432936733734 0,-73.8346542122306 40.86563057596165 0,-73.83376986054625 40.86591176569131 0,-73.83409963932334 40.86648638986878 0,-73.83439795125722 40.86699330431661 0,-73.83419553779075 40.867055530589255 0))",GH,
"POLYGON ((-73.790132437098094 40.699579964216042 0,-73.790008337772377 40.699617725202998 0,-73.789886668055047 40.699438574001299 0,-73.789877191879782 40.699429180666122 0,-73.789330479609617 40.699794248553452 0,-73.789318612364056 40.699782481428947 0,-73.789316238825606 40.699780128022603 0,-73.789543178505781 40.699995399668438 0,-73.789129947714784 40.700205092918452 0,-73.78953566636342 40.70057789428477 0,-73.790080713840666 40.700303506545062 0,-73.791165795018415 40.701785851160118 0,-73.791300581091662 40.701730116310948 0,-73.791298942214468 40.701723629858577 0,-73.791531797362282 40.701531649168047 0,-73.790132437098094 40.699579964216042 0))",JA,
"POLYGON ((-73.7911898 40.70181, -73.7907016 40.7011552, -73.7904603 40.7008278, -73.7902189 40.7005025, -73.789956 40.7006489, -73.7897146 40.7007831, -73.7899721 40.7010592, -73.7902564 40.7013413, -73.7908197 40.7019055, -73.7911898 40.70181))",JA_Lot,
"POLYGON ((-74.00352093340192 40.65147842409182 0,-74.00213667266024 40.65278934695233 0,-73.9995238368204 40.651264395988896 0,-73.9997493344252 40.65105994457911 0,-73.99898232665662 40.65059761817039 0,-73.9985170447399 40.650054644027314 0,-73.99844258353903 40.64988055591692 0,-73.9986366678262 40.649752846254074 0,-73.99868370603468 40.64972660772455 0,-73.99921819569542 40.65021023006075 0,-73.99947671654616 40.650398426340004 0,-73.99977755479159 40.650581687593835 0,-74.0008870498772 40.65124742464888 0,-74.0010596651749 40.651284405275554 0,-74.00140965292232 40.65120424311605 0,-74.00156969566325 40.651083969332326 0,-74.00165985601008 40.650945460998315 0,-74.00167069501154 40.650724308998925 0,-74.00186112271138 40.650719244192814 0,-74.00203609234308 40.650609775064524 0,-74.00352093340192 40.65147842409182 0))",JG,
"POLYGON ((-73.774191601673266 40.660295587203912 0,-73.772841449319031 40.660951119814932 0,-73.772608063128473 40.661054355704877 0,-73.773212890877986 40.661842425720337 0,-73.773440940657636 40.661739684223022 0,-73.773602732447159 40.661956273046279 0,-73.775057866253277 40.661284720184852 0,-73.774191601673266 40.660295587203912 0))",JK,
"POLYGON ((-73.77370704837014 40.660337688289204 0,-73.77345007422895 40.66000292901703 0,-73.7720666962256 40.660506269806646 0,-73.77239272052245 40.66093416797487 0,-73.77370704837014 40.660337688289204 0))",JK_Lot,
"POLYGON ((-73.9116089053162 40.869037345365598 0,-73.911027248453493 40.869919164112162 0,-73.911612992263528 40.870980943706947 0,-73.911785587104433 40.871064563166833 0,-73.913768220262654 40.871171119781764 0,-73.914478573121698 40.870173987375452 0,-73.9116089053162 40.869037345365598 0))",KB,
"POLYGON ((-73.91247174299207 40.868260141959794 0,-73.91260113650127 40.868065654017876 0,-73.91254656134271 40.867973957573646 0,-73.91195333359268 40.86773605241348 0,-73.91176371542909 40.8679848417241 0,-73.91247174299207 40.868260141959794 0))",KB_Lot,
"POLYGON ((-73.884165300793768 40.765257952256192 0,-73.882519893762606 40.765441406369867 0,-73.882852183064841 40.767165768465517 0,-73.884500557692675 40.766877807371017 0,-73.884165300793768 40.765257952256192 0))",LG,
"POLYGON ((-74.19564826578166 40.60119627592562 0,-74.19520963190247 40.600769887195916 0,-74.19514993801654 40.60062348049071 0,-74.19643940184554 40.599782356916876 0,-74.19658434482481 40.60022316759159 0,-74.19654229706975 40.60032257810924 0,-74.1963743220626 40.60054244578024 0,-74.19636250547096 40.60080029157894 0,-74.19564826578166 40.60119627592562 0))",MA,
"POLYGON ((-74.001563755027448 40.761218599080223 0,-74.001897266969323 40.760753930525539 0,-73.999370407083063 40.759702137387812 0,-73.999018599933336 40.760160610702883 0,-74.001563755027448 40.761218599080223 0))",MQ,
"POLYGON((-73.95878820447251 40.81993398647805 0,-73.95921346032992 40.819363655247685 0,-73.95701159723103 40.81843592288544 0,-73.95661027170718 40.81902070882481 0,-73.95878820447251 40.81993398647805 0))",MV,
"POLYGON ((-73.937995661577304 40.822165217869937 0,-73.935855612874931 40.821240474326757 0,-73.935462328267718 40.821768883840583 0,-73.937613853991834 40.822669773435322 0,-73.937995661577304 40.822165217869937 0))",OF,
"POLYGON ((-73.932779137500177 40.805548586282178 0,-73.933023951258065 40.805211823209923 0,-73.932230946454737 40.804878291432367 0,-73.93209295961104 40.805057879475093 0,-73.932398479820762 40.805383922578187 0,-73.932779137500177 40.805548586282178 0))",OF_Lot,
"POLYGON ((-73.949222991388652 40.788405307494941 0,-73.95058702740468 40.788976549504753 0,-73.950892438261718 40.788497214519339 0,-73.94959541383939 40.787947094474958 0,-73.94957331752174 40.787935340392579 0,-73.949562260455423 40.78792945875697 0,-73.949222991388652 40.788405307494941 0))",OH,
"POLYGON ((-73.731054411746697 40.716201940010492 0,-73.728890529263381 40.716515766319723 0,-73.728838834607089 40.71699717615828 0,-73.728993635728472 40.717543038872158 0,-73.72930596605265 40.717936564170991 0,-73.729762233907948 40.718245999959933 0,-73.730028200053923 40.718398139577637 0,-73.730533339856819 40.718547213584927 0,-73.730807341266768 40.718593004759647 0,-73.731392115421002 40.718567802882269 0,-73.731634524955325 40.718506842102741 0,-73.731054411746697 40.716201940010492 0))",QV,
"POLYGON ((-73.864401360030172 40.660990061436202 0,-73.864978491539617 40.663288775951393 0,-73.866452336620725 40.66307544616091 0,-73.865954588874985 40.661216828411369 0,-73.865707002255846 40.660806474694233 0,-73.864401360030172 40.660990061436202 0))",SC,
"POLYGON ((-73.993156672402165 40.593258544368631 0,-73.992576107554243 40.59289155693812 0,-73.991123487860051 40.594317790477056 0,-73.9916917869146 40.594680697554637 0,-73.993156672402165 40.593258544368631 0))",UP,
"POLYGON ((-73.993142158699456 40.594357090997157 0,-73.992892591875119 40.594177709133639 0,-73.993257557586844 40.593804332569768 0,-73.992962571079872 40.593618613958647 0,-73.991905987301735 40.594631283936863 0,-73.992479066016415 40.594996827023699 0,-73.993142158699456 40.594357090997157 0))",UP_Lot_1,
"POLYGON ((-73.878044468436613 40.838746063973147 0,-73.87832376688813 40.83870449072424 0,-73.878666641140327 40.838268145848957 0,-73.879195981762265 40.837192339611633 0,-73.878303363698777 40.836948041192727 0,-73.877612557879957 40.836807759186676 0,-73.87587434289108 40.837528345639697 0,-73.87578988456049 40.83764026255264 0,-73.878044468436613 40.838746063973147 0))",WF North,
"POLYGON ((-73.879419422039959 40.836930490488633 0,-73.879857715873214 40.836526970015541 0,-73.880084911453395 40.836236891261599 0,-73.87919302588864 40.835781729717567 0,-73.878526806361137 40.83623815884048 0,-73.877993971537805 40.836577166099019 0,-73.878736285344175 40.836734171527937 0,-73.879419422039959 40.836930490488633 0))",WF South,
"POLYGON ((-73.8762076938354 40.83883979188642 0,-73.87652146715725 40.83832985041954 0,-73.87593838336366 40.83808364366452 0,-73.87561593065875 40.83862666030136 0,-73.8762076938354 40.83883979188642 0))",WF Lot,
"POLYGON ((-73.901425137361684 40.941784591795553 0,-73.899458826234536 40.941692905888779 0,-73.899814189405049 40.944124807024252 0,-73.900838820352973 40.944153787436683 0,-73.901425137361684 40.941784591795553 0))",YO,
"POLYGON ((-74.16587670703592 40.5750293337165 0,-74.167290204761059 40.573287812505662 0,-74.166644888918242 40.572791970325071 0,-74.164337429196067 40.574054984457547 0,-74.164375973893115 40.57432719049195 0,-74.16587670703592 40.5750293337165 0))",YU,
"POLYGON ((-74.166925108487973 40.572371763026972 0,-74.166856158601306 40.572231852660543 0,-74.166619505033395 40.572314356147103 0,-74.163874267903452 40.573873596624338 0,-74.164019344687247 40.573993800564537 0,-74.166925108487973 40.572371763026972 0))",YU Lot,
"POLYGON ((-73.84225370292509 40.82191178536535 0,-73.84251119745028 40.82301587671859 0,-73.84247855299085 40.823023255392016 0,-73.84265793482011 40.82375580804712 0,-73.84269804656051 40.82390160046925 0,-73.84113115394064 40.82411209367751 0,-73.84094066659425 40.82378528701979 0,-73.84048547580727 40.82255895693987 0,-73.84042346701031 40.82217680778388 0,-73.8405461405138 40.82204491798101 0,-73.84137261859469 40.82192492297533 0,-73.84191136058624 40.82184421460289 0,-73.84220734970052 40.82180902414236 0,-73.84225370292509 40.82191178536535 0))",ZEREGA,